expiryDate|strikePrice|optionType|openInterest|changeinOpenInterest|lastPrice|change|impliedVolatility|delta|gamma|theta|totalTradedVolume|underlyingValue
2026-09-29|15000|CE|0|0|0|0|0||||0|22700.4
2026-09-29|15000|PE|1333|-18|0.05|-0.25|222.38||||3180|22700.4
2026-09-29|16500|CE|0|0|0|0|0||||0|22700.4
2026-09-29|16500|PE|1466|514|0.05|-0.4|166.03||||6912|22700.4
2026-09-29|18000|CE|12|0|4700|-490|0||||3|22700.4
2026-09-29|18000|PE|3556|-1178|0.05|-0.45|122.8||||7087|22700.4
2026-09-29|19500|CE|874|-177|3170|-135.95|0||||518|22700.4
2026-09-29|19500|PE|7564|-2166|0.1|-0.3|86.44||||22663|22700.4
2026-09-29|20500|CE|0|0|0|0|0||||0|22700.4
2026-09-29|20500|PE|2904|0|0.1|-17.25|56.63||||21674|22700.4
2026-09-29|20550|CE|0|0|0|0|0||||0|22700.4
2026-09-29|20550|PE|393|0|0.15|-18.6|59.82||||811|22700.4
2026-09-29|20600|CE|0|0|0|0|0||||0|22700.4
2026-09-29|20600|PE|704|0|0.1|-20.1|58.71||||1860|22700.4
2026-09-29|20650|CE|0|0|0|0|0||||0|22700.4
2026-09-29|20650|PE|475|0|0.2|-21.6|58.72||||1174|22700.4
2026-09-29|20700|CE|0|0|0|0|0||||0|22700.4
2026-09-29|20700|PE|780|0|0.05|-23.4|51.56||||2384|22700.4
2026-09-29|20750|CE|0|0|0|0|0||||0|22700.4
2026-09-29|20750|PE|839|0|0.1|-25.15|52.92||||2263|22700.4
2026-09-29|20800|CE|0|0|0|0|0||||0|22700.4
2026-09-29|20800|PE|2317|-1841|0.05|-0.45|49.03||||16043|22700.4
2026-09-29|20850|CE|0|0|0|0|0||||0|22700.4
2026-09-29|20850|PE|640|-94|0.05|-0.6|47.77||||2359|22700.4
2026-09-29|20900|CE|0|0|0|0|0||||0|22700.4
2026-09-29|20900|PE|1617|-450|0.1|-0.55|48.96||||9516|22700.4
2026-09-29|20950|CE|0|0|0|0|0||||0|22700.4
2026-09-29|20950|PE|527|144|0.05|-0.5|45.25||||1815|22700.4
2026-09-29|21000|CE|3222|-467|1712.15|-102.9|0||||1392|22700.4
2026-09-29|21000|PE|58507|-61435|0.05|-0.65|43.99||||404727|22700.4
2026-09-29|21050|CE|0|0|0|0|0||||0|22700.4
2026-09-29|21050|PE|1356|196|0.05|-0.65|42.73||||10381|22700.4
2026-09-29|21100|CE|0|0|0|0|0||||0|22700.4
2026-09-29|21100|PE|4569|-2238|0.05|-0.7|41.47||||32648|22700.4
2026-09-29|21150|CE|0|0|0|0|0||||0|22700.4
2026-09-29|21150|PE|786|38|0.1|-0.65|42.37||||2247|22700.4
2026-09-29|21200|CE|0|0|0|0|0||||0|22700.4
2026-09-29|21200|PE|4483|-1588|0.05|-0.75|41.06||||42641|22700.4
2026-09-29|21250|CE|0|0|0|0|0||||0|22700.4
2026-09-29|21250|PE|1446|42|0.1|-0.7|39.74||||10062|22700.4
2026-09-29|21300|CE|0|0|0|0|0||||0|22700.4
2026-09-29|21300|PE|3872|829|0.05|-0.65|36.44||||33151|22700.4
2026-09-29|21350|CE|0|0|0|0|0||||0|22700.4
2026-09-29|21350|PE|12322|-777|0.05|-0.65|35.19||||61202|22700.4
2026-09-29|21400|CE|1|0|0|0|0||||0|22700.4
2026-09-29|21400|PE|26035|-7378|0.05|-0.65|33.93||||177971|22700.4
2026-09-29|21450|CE|0|0|0|0|0||||0|22700.4
2026-09-29|21450|PE|7636|3686|0.1|-0.85|34.48||||34299|22700.4
2026-09-29|21500|CE|10|8|1241.45|-73.05|83.56||||16|22700.4
2026-09-29|21500|PE|84073|21276|0.1|-0.75|33.16||||330458|22700.4
2026-09-29|21550|CE|0|0|0|0|0||||0|22700.4
2026-09-29|21550|PE|4522|1204|0.05|-1|31.85||||43484|22700.4
2026-09-29|21600|CE|96|-136|1083.4|-139.6|0||||275|22700.4
2026-09-29|21600|PE|33898|20477|0.05|-0.8|28.9||||295281|22700.4
2026-09-29|21650|CE|1|0|0|0|70.79||||0|22700.4
2026-09-29|21650|PE|10288|434|0.05|-0.85|27.65||||110517|22700.4
2026-09-29|21700|CE|0|0|0|0|33.96||||0|22700.4
2026-09-29|21700|PE|37664|12266|0.1|-0.8|26.39||||310709|22700.4
2026-09-29|21750|CE|1|0|0|0|67.78||||0|22700.4
2026-09-29|21750|PE|20139|8078|0.15|-0.95|27.24||||112815|22700.4
2026-09-29|21800|CE|7|5|884.35|-216.25|0||||40|22700.4
2026-09-29|21800|PE|57487|6296|0.15|-0.95|26.15||||567471|22700.4
2026-09-29|21850|CE|1|0|758.45|-491.55|0||||2|22700.4
2026-09-29|21850|PE|11929|486|0.1|-1.15|24.78||||193925|22700.4
2026-09-29|21900|CE|50|41|779.3|-200.7|0||||169|22700.4
2026-09-29|21900|PE|55763|24630|0.1|-1.3|22.59||||723092|22700.4
2026-09-29|21950|CE|9|7|728.75|-539.1|0||||51|22700.4
2026-09-29|21950|PE|30561|20290|0.15|-1.4|23.14||||346392|22700.4
2026-09-29|22000|CE|3640|-105|706.55|-107.75|30.43||||10456|22700.4
2026-09-29|22000|PE|241287|38070|0.1|-1.65|19.92||||2028255|22700.4
2026-09-29|22050|CE|38|28|631.1|-134.35|22.43||||275|22700.4
2026-09-29|22050|PE|31053|15874|0.2|-1.85|19.82||||915917|22700.4
2026-09-29|22100|CE|498|462|608.2|-102.75|0||||1632|22700.4
2026-09-29|22100|PE|84643|46515|0.15|-1.95|18.4||||1666158|22700.4
2026-09-29|22150|CE|106|13|535.4|-133.2|0||||991|22700.4
2026-09-29|22150|PE|48155|31397|0.15|-2.2|16.5||||1193154|22700.4
2026-09-29|22200|CE|633|504|505.4|-113.15|0||||5484|22700.4
2026-09-29|22200|PE|110479|39913|0.3|-2.3|15.91||||1974601|22700.4
2026-09-29|22250|CE|592|524|460.45|-107.25|17.95||||3359|22700.4
2026-09-29|22250|PE|46072|21691|0.3|-2.7|14.44||||1272167|22700.4
2026-09-29|22300|CE|2109|1915|403.7|-113.5|16.34||||39723|22700.4
2026-09-29|22300|PE|113947|40416|0.3|-3.1|13.22||||2863564|22700.4
2026-09-29|22350|CE|1428|1031|355.9|-112.45|11.6||||27149|22700.4
2026-09-29|22350|PE|84929|54327|0.4|-3.9|12.45||||3255782|22700.4
2026-09-29|22400|CE|4918|4468|302.95|-116.4|14.12||||215423|22700.4
2026-09-29|22400|PE|132455|57283|0.65|-4.75|11.34||||6210359|22700.4
2026-09-29|22450|CE|4121|3527|255.3|-114.05|12.28||||252978|22700.4
2026-09-29|22450|PE|105296|65884|0.95|-6.2|10.01||||6562527|22700.4
2026-09-29|22500|CE|23407|10339|205.2|-117.3|10.64||||1769634|22700.4
2026-09-29|22500|PE|281126|114838|1.35|-8.6|9.02||||14094271|22700.4
2026-09-29|22550|CE|26729|25670|156|-120.6|9.38||||2394804|22700.4
2026-09-29|22550|PE|233749|182905|2.25|-11.2|7.91||||12510943|22700.4
2026-09-29|22600|CE|89380|84686|108.05|-123.55|8.45||||8823917|22700.4
2026-09-29|22600|PE|432128|309917|5.45|-13.4|7.37||||21725739|22700.4
2026-09-29|22650|CE|162318|158588|67.9|-121.05|7.51||||11242986|22700.4
2026-09-29|22650|PE|351927|281405|13.35|-12.8|6.99||||17850235|22700.4
2026-09-29|22700|CE|401109|382050|34.7|-114.8|7.36||||20684605|22700.4
2026-09-29|22700|PE|283079|148312|31.6|-4.95|6.78||||16454706|22700.4
2026-09-29|22750|CE|272128|240089|15.45|-99.1|7.37||||13891961|22700.4
2026-09-29|22750|PE|84788|-15664|62.5|10.7|6.61||||5955720|22700.4
2026-09-29|22800|CE|303513|124952|6.65|-77.55|7.65||||14863328|22700.4
2026-09-29|22800|PE|72801|-96441|101.15|29.7|6.07||||3951003|22700.4
2026-09-29|22850|CE|149219|19377|2.85|-57.6|8.29||||7993098|22700.4
2026-09-29|22850|PE|40914|-29833|148.4|51.1|0||||987598|22700.4
2026-09-29|22900|CE|173353|-25023|1.6|-41|9.38||||8566821|22700.4
2026-09-29|22900|PE|36070|-41270|197.25|68.15|0||||779521|22700.4
2026-09-29|22950|CE|106870|-11631|1.1|-28.85|10.51||||4713171|22700.4
2026-09-29|22950|PE|15782|-19815|248.2|81.5|20.08||||143558|22700.4
2026-09-29|23000|CE|239196|-78112|0.7|-20.85|11.53||||6768329|22700.4
2026-09-29|23000|PE|55226.769230769234|-37225|295.25|87.95|0||||320162|22700.4
2026-09-29|23050|CE|76662|-17509|0.45|-14.75|12.27||||2765357|22700.4
2026-09-29|23050|PE|9312|-5763|344.9|93.4|24.1||||35743|22700.4
2026-09-29|23100|CE|144732|-65088|0.35|-10.85|13.51||||3093921|22700.4
2026-09-29|23100|PE|43045|-20598|396|100.2|0||||85101|22700.4
2026-09-29|23150|CE|63202|-28374|0.3|-8.7|14.66||||2080508|22700.4
2026-09-29|23150|PE|9963|-8012|443.15|99.3|0||||24793|22700.4
2026-09-29|23200|CE|180393|-32960|0.3|-7.25|16.38||||2464462|22700.4
2026-09-29|23200|PE|27818|-11170|494.35|101.85|0||||36188|22700.4
2026-09-29|23250|CE|82888|-69885|0.2|-6.5|18.4||||1609872|22700.4
2026-09-29|23250|PE|19622|-9965|544.05|101.25|0||||27265|22700.4
2026-09-29|23300|CE|158844|-21506|0.15|-5.7|17.9||||2089779|22700.4
2026-09-29|23300|PE|22499|-11598|595.6|102.5|0||||29945|22700.4
2026-09-29|23350|CE|70904|-12937|0.1|-5.3|19.2||||890506|22700.4
2026-09-29|23350|PE|5399|-1736|644.4|100.9|18.45||||5010|22700.4
2026-09-29|23400|CE|135099|-70834|0.1|-4.75|19.77||||1486613|22700.4
2026-09-29|23400|PE|27646|-6024|693.8|103.15|0||||14597|22700.4
2026-09-29|23450|CE|46662|-14280|0.15|-4.2|21.01||||549897|22700.4
2026-09-29|23450|PE|8571|-1798|743.65|104.25|0||||5062|22700.4
2026-09-29|23500|CE|222128|-34136|0.1|-3.9|22.25||||1887844|22700.4
2026-09-29|23500|PE|39949|-8546|790.55|98.7|0||||19530|22700.4
2026-09-29|23550|CE|42971|-40042|0.15|-3.45|24.98||||409365|22700.4
2026-09-29|23550|PE|2466|-1269|845|106.1|34.44||||1665|22700.4
2026-09-29|23600|CE|88906|-57884|0.1|-3.15|24.7||||787840|22700.4
2026-09-29|23600|PE|5988|-3331|890.7|100.5|32.53||||5742|22700.4
2026-09-29|23650|CE|40899|-11447|0.2|-2.8|26.84||||280519|22700.4
2026-09-29|23650|PE|1579|-281|945.35|103.75|0||||1262|22700.4
2026-09-29|23700|CE|70632|-73507|0.15|-2.7|27.12||||666506|22700.4
2026-09-29|23700|PE|3857|-2508|992.5|101.55|0||||4045|22700.4
2026-09-29|23750|CE|26883|-15819|0.15|-2.5|29.32||||342194|22700.4
2026-09-29|23750|PE|1839|-720|1048.55|108.8|46.1||||2569|22700.4
2026-09-29|23800|CE|72072|-59357|0.1|-2.25|29.51||||635653|22700.4
2026-09-29|23800|PE|5074|-3291|1095|106.3|36.37||||4797|22700.4
2026-09-29|23850|CE|13787|-17684|0.15|-2.05|30.7||||153100|22700.4
2026-09-29|23850|PE|1077|-119|1140|97.95|43.04||||385|22700.4
2026-09-29|23900|CE|35730|-22467|0.1|-1.95|30.21||||237236|22700.4
2026-09-29|23900|PE|3882|-1522|1190|101.85|41.77||||2383|22700.4
2026-09-29|23950|CE|12423|-9085|0.05|-1.9|31.33||||120093|22700.4
2026-09-29|23950|PE|1228|-322|1248.3|109.65|0||||742|22700.4
2026-09-29|24000|CE|172425|-101098|0.1|-1.75|34.23||||727832|22700.4
2026-09-29|24000|PE|17303.76923076923|-11893.846153846154|1293|105.8|49.93||||17717|22700.4
2026-09-29|24050|CE|16059|-17520|0.1|-1.6|35.39||||115537|22700.4
2026-09-29|24050|PE|993|-91|1351.8|112.15|0||||193|22700.4
2026-09-29|24100|CE|37021|-26973|0.05|-1.45|34.66||||315998|22700.4
2026-09-29|24100|PE|3600|-659|1395|103.85|53.86||||1498|22700.4
2026-09-29|24150|CE|10767|-3477|0.1|-1.35|37.7||||35147|22700.4
2026-09-29|24150|PE|872|-661|1466.8|122.6|62.51||||984|22700.4
2026-09-29|24200|CE|57271|-32925|0.05|-1.3|38.85||||202754|22700.4
2026-09-29|24200|PE|11711|-676|1500.85|109.9|45.84||||3219|22700.4
2026-09-29|24250|CE|10048|-11961|0.1|-1.05|39.99||||91434|22700.4
2026-09-29|24250|PE|2043|-71|1550|107.6|64.26||||547|22700.4
2026-09-29|24300|CE|60588|-23269|0.05|-1|39.04||||319051|22700.4
2026-09-29|24300|PE|23774|-953|1599.8|113.15|56.3||||4842|22700.4
2026-09-29|24350|CE|11061|-8408|0.1|-1.05|42.26||||94051|22700.4
2026-09-29|24350|PE|4180|-146|1645|107.5|64.76||||308|22700.4
2026-09-29|24400|CE|24534|-15231|0.1|-1|43.39||||90277|22700.4
2026-09-29|24400|PE|14975|-62|1699.5|112.55|57.79||||3804|22700.4
2026-09-29|24450|CE|2770|-2696|0.1|-0.9|44.77||||15723|22700.4
2026-09-29|24450|PE|947|-80|1764|124.25|68.34||||150|22700.4
2026-09-29|24500|CE|55809|-43258|0.05|-0.85|43.35||||295421|22700.4
2026-09-29|24500|PE|14326|1031|1801.75|112.5|71.09||||11272|22700.4
2026-09-29|24550|CE|5357|-11070|0.05|-0.8|44.42||||59865|22700.4
2026-09-29|24550|PE|515|-74|1850|107.55|89.91||||125|22700.4
2026-09-29|24600|CE|12647|-21230|0.1|-0.8|45.48||||106058|22700.4
2026-09-29|24600|PE|6708|-107|1900.65|107.55|81.93||||1087|22700.4
2026-09-29|24650|CE|3305|-4052|0.1|-0.75|50.55||||20580|22700.4
2026-09-29|24650|PE|388|-105|1954|107.55|76.52||||134|22700.4
2026-09-29|24700|CE|20399|-7200|0.05|-0.75|47.59||||57911|22700.4
2026-09-29|24700|PE|1524|-289|2001.3|108|69.94||||787|22700.4
2026-09-29|24750|CE|2908|188|0.1|-0.8|51.16||||11510|22700.4
2026-09-29|24750|PE|331|-46|2068.95|128|85.69||||50|22700.4
2026-09-29|24800|CE|8049|-10071|0.05|-0.8|49.69||||39525|22700.4
2026-09-29|24800|PE|2274|-229|2099.2|105.55|68.16||||702|22700.4
2026-09-29|24850|CE|2935|1067|0.1|-0.65|53.35||||10880|22700.4
2026-09-29|24850|PE|115|-39|2180|142.45|100.87||||55|22700.4
2026-09-29|24900|CE|4832|-2151|0.05|-0.7|51.77||||17377|22700.4
2026-09-29|24900|PE|784|-31|2236.15|149.7|107.81||||78|22700.4
2026-09-29|24950|CE|2051|-217|0.05|-0.65|52.81||||12941|22700.4
2026-09-29|24950|PE|60|-6|2248|128|0||||8|22700.4
2026-09-29|25000|CE|56615|-23015|0.05|-0.5|53.84||||163892|22700.4
2026-09-29|25000|PE|9674.307692307691|-500.84615384615387|2299|110.15|73.82||||6861|22700.4
2026-09-29|25050|CE|724|-478|0.1|-0.55|54.87||||2786|22700.4
2026-09-29|25050|PE|39|-10|2355|116.6|103||||12|22700.4
2026-09-29|25100|CE|5177|-1964|0.1|-0.5|55.9||||23483|22700.4
2026-09-29|25100|PE|703|-171|2410|118.1|107.83||||567|22700.4
2026-09-29|25150|CE|1077|-64|0.15|-0.5|59.8||||3594|22700.4
2026-09-29|25150|PE|19|-5|2468|163.75|97.39||||10|22700.4
2026-09-29|25200|CE|5298|-1443|0.05|-0.4|57.94||||26929|22700.4
2026-09-29|25200|PE|673|-86|2557.1|167|133.56||||411|22700.4
2026-09-29|25250|CE|2825|1912|0.05|-0.55|58.95||||23493|22700.4
2026-09-29|25250|PE|14|-1|2614.55|239.55|139.97||||1|22700.4
2026-09-29|25300|CE|3256|-1160|0.1|-0.5|62.99||||12572|22700.4
2026-09-29|25300|PE|274|-37|2631.3|141.3|117.96||||180|22700.4
2026-09-29|25350|CE|456|83|0.1|-0.45|64.04||||1932|22700.4
2026-09-29|25350|PE|7|0|0|0|0||||0|22700.4
2026-09-29|25400|CE|2703|268|0.05|-0.55|61.98||||10426|22700.4
2026-09-29|25400|PE|256|-14|2725.8|130.35|115.7||||183|22700.4
2026-09-29|25450|CE|612|19|0.05|-0.55|62.99||||997|22700.4
2026-09-29|25450|PE|9|0|0|0|0||||0|22700.4
2026-09-29|25500|CE|23593|-7798|0.1|-0.55|67.18||||48729|22700.4
2026-09-29|25500|PE|5287|-489|2810|117.4|98.73||||2549|22700.4
2026-09-29|25550|CE|2045|-62|0.05|-0.55|68.22||||6174|22700.4
2026-09-29|25550|PE|2|0|2847|177|0||||1|22700.4
2026-09-29|25600|CE|1559|-176|0.1|-0.5|69.25||||6812|22700.4
2026-09-29|25600|PE|438|0|2927.7|139.35|124.47||||48|22700.4
2026-09-29|25650|CE|847|-66|0.05|-0.55|67.21||||1944|22700.4
2026-09-29|25650|PE|8|0|0|0|0||||0|22700.4
2026-09-29|25700|CE|2732|-464|0.05|-0.45|67.95||||10446|22700.4
2026-09-29|25700|PE|63|-23|3000|96.8|108.82||||55|22700.4
2026-09-29|25750|CE|218|-149|0.1|-0.3|72.34||||1075|22700.4
2026-09-29|25750|PE|4|0|0|0|0||||0|22700.4
2026-09-29|25800|CE|1880|-818|0.05|-0.35|69.92||||6535|22700.4
2026-09-29|25800|PE|178|-2|3140|148.05|143.13||||89|22700.4
2026-09-29|25850|CE|254|-114|0.1|-0.35|74.39||||882|22700.4
2026-09-29|25850|PE|13|0|0|0|129.42||||0|22700.4
2026-09-29|25900|CE|3245|106|0.05|-0.3|71.87||||13738|22700.4
2026-09-29|25900|PE|7|-3|3223.95|133.95|129.67||||6|22700.4
2026-09-29|25950|CE|295|-72|0.1|-0.35|76.42||||706|22700.4
2026-09-29|25950|PE|1|0|0|0|13.83||||0|22700.4
2026-09-29|26000|CE|34349.92307692308|-2134.3076923076924|0.05|-0.5|73.82||||55000|22700.4
2026-09-29|26000|PE|10577.384615384615|-1761.1538461538462|3300|107.05|124.27||||5019|22700.4
2026-09-29|26050|CE|283|6|0.15|-0.3|78.44||||913|22700.4
2026-09-29|26050|PE|1|0|0|0|0||||0|22700.4
2026-09-29|26100|CE|496|182|0.1|-0.35|79.45||||1388|22700.4
2026-09-29|26100|PE|16|-6|3430|138.2|143.39||||20|22700.4
2026-09-29|26150|CE|440|52|0.05|-0.3|76.71||||1543|22700.4
2026-09-29|26150|PE|1|0|0|0|0||||0|22700.4
2026-09-29|26200|CE|1627|-497|0.05|-0.35|77.67||||6404|22700.4
2026-09-29|26200|PE|438|-20|3510|110|133.1||||150|22700.4
2026-09-29|26250|CE|325|-52|0.1|-0.4|82.45||||845|22700.4
2026-09-29|26250|PE|0|0|0|0|0||||0|22700.4
2026-09-29|26300|CE|1813|224|0.05|-0.4|83.44||||3931|22700.4
2026-09-29|26300|PE|681|-52|3610|119.95|151.62||||197|22700.4
2026-09-29|26350|CE|307|135|0.1|-0.3|84.43||||636|22700.4
2026-09-29|26350|PE|0|0|0|0|0||||0|22700.4
2026-09-29|26400|CE|1191|779|0.1|-0.25|85.42||||8370|22700.4
2026-09-29|26400|PE|13|-28|3710|467.6|111.79||||41|22700.4
2026-09-29|26450|CE|185|-99|0.1|-0.3|86.41||||523|22700.4
2026-09-29|26450|PE|0|0|0|0|0||||0|22700.4
2026-09-29|26500|CE|7865|-307|0.1|-0.3|87.39||||10118|22700.4
2026-09-29|26500|PE|5229|-356|3820.45|124.85|142.81||||1507|22700.4
2026-09-29|26550|CE|1001|856|0.1|-0.3|88.37||||6424|22700.4
2026-09-29|26550|PE|0|0|0|0|0||||0|22700.4
2026-09-29|26600|CE|505|59|0.1|-0.3|89.35||||1599|22700.4
2026-09-29|26600|PE|0|0|0|0|0||||0|22700.4
2026-09-29|26650|CE|370|55|0.1|-0.45|90.32||||1643|22700.4
2026-09-29|26650|PE|0|0|0|0|0||||0|22700.4
2026-09-29|26700|CE|334|114|0.1|-0.25|91.3||||567|22700.4
2026-09-29|26700|PE|0|0|0|0|0||||0|22700.4
2026-09-29|26750|CE|195|-71|0.1|-0.25|92.27||||615|22700.4
2026-09-29|26750|PE|1|0|0|0|18.46||||0|22700.4
2026-09-29|26800|CE|615|424|0.05|-0.4|88.99||||4130|22700.4
2026-09-29|26800|PE|6|0|0|0|0||||0|22700.4
2026-09-29|26850|CE|397|251|0.15|-0.25|94.44||||740|22700.4
2026-09-29|26850|PE|0|0|0|0|0||||0|22700.4
2026-09-29|26900|CE|393|151|0.05|-0.3|90.84||||1359|22700.4
2026-09-29|26900|PE|1|0|0|0|0||||0|22700.4
2026-09-29|26950|CE|459|219|0.1|-0.25|96.12||||989|22700.4
2026-09-29|26950|PE|0|0|0|0|0||||0|22700.4
2026-09-29|27000|CE|19809|-2411|0.1|-0.35|92.68||||25985|22700.4
2026-09-29|27000|PE|10484.461538461539|-1199|4306.45|115.05|172.76||||2847|22700.4
2026-09-29|27050|CE|397|50|0.05|-0.25|93.59||||737|22700.4
2026-09-29|27050|PE|0|0|0|0|0||||0|22700.4
2026-09-29|27100|CE|632|107|0.05|-0.35|101.88||||848|22700.4
2026-09-29|27100|PE|0|0|0|0|0||||0|22700.4
2026-09-29|27150|CE|2030|808|0.05|-0.3|95.42||||5428|22700.4
2026-09-29|27150|PE|0|0|0|0|0||||0|22700.4
2026-09-29|27200|CE|3834|-926|0.05|-0.35|96.33||||11403|22700.4
2026-09-29|27200|PE|0|0|0|0|0||||0|22700.4
2026-09-29|28500|CE|5149|-868|0.05|-0.35|124.7||||4020|22700.4
2026-09-29|28500|PE|2315|-777|5811.05|112.7|207.24||||1102|22700.4
2026-09-29|30000|CE|4273.538461538462|187|0.05|-0.3|144.02||||5686|22700.4
2026-09-29|30000|PE|754|-317|7355|145.4|195.77||||427|22700.4
2026-09-29|31500|CE|441|-242|0.05|-0.2|167.31||||915|22700.4
2026-09-29|31500|PE|0|0|0|0|0||||0|22700.4
2026-09-29|33000|CE|1066|213|0.05|-0.35|189.28||||1144|22700.4
2026-09-29|33000|PE|0|0|0|0|0||||0|22700.4
2026-09-29|34500|CE|482|225|0.05|-0.2|210.1||||573|22700.4
2026-09-29|34500|PE|0|0|0|0|0||||0|22700.4
2026-10-06|20500|CE|0|0|0|0|0||||0|22700.4
2026-10-06|20500|PE|65238|61956|2.6|-1.7|31.1||||122390|22700.4
2026-10-06|20550|CE|0|0|0|0|0||||0|22700.4
2026-10-06|20550|PE|553|553|2.8|2.65|30.07||||1960|22700.4
2026-10-06|20600|CE|0|0|0|0|0||||0|22700.4
2026-10-06|20600|PE|3678|3678|2.7|2.5|30.01||||13034|22700.4
2026-10-06|20650|CE|0|0|0|0|0||||0|22700.4
2026-10-06|20650|PE|91|91|2.85|2.6|29.56||||915|22700.4
2026-10-06|20700|CE|0|0|0|0|0||||0|22700.4
2026-10-06|20700|PE|4687|4687|2.85|2.55|28.77||||30485|22700.4
2026-10-06|20750|CE|0|0|0|0|0||||0|22700.4
2026-10-06|20750|PE|184|184|2.75|2.4|28.12||||1507|22700.4
2026-10-06|20800|CE|0|0|0|0|0||||0|22700.4
2026-10-06|20800|PE|46563|2783|3.15|-1.9|27.64||||77812|22700.4
2026-10-06|20850|CE|0|0|0|0|0||||0|22700.4
2026-10-06|20850|PE|621|433|2.8|-2.5|26.93||||4425|22700.4
2026-10-06|20900|CE|0|0|0|0|0||||0|22700.4
2026-10-06|20900|PE|3839|3315|3.1|-2|26.26||||22913|22700.4
2026-10-06|20950|CE|0|0|0|0|0||||0|22700.4
2026-10-06|20950|PE|385|282|3.15|-2.4|25.96||||3096|22700.4
2026-10-06|21000|CE|9|9|1760|-1417.85|38.22||||14|22700.4
2026-10-06|21000|PE|43773|21478|3.35|-2.2|25.32||||127640|22700.4
2026-10-06|21050|CE|0|0|0|0|0||||0|22700.4
2026-10-06|21050|PE|241|94|3.45|-2.2|24.93||||1853|22700.4
2026-10-06|21100|CE|0|0|0|0|0||||0|22700.4
2026-10-06|21100|PE|4645|2168|3.45|-2.15|24.26||||23950|22700.4
2026-10-06|21150|CE|0|0|0|0|0||||0|22700.4
2026-10-06|21150|PE|470|169|3.5|-2.2|23.41||||2526|22700.4
2026-10-06|21200|CE|0|0|0|0|0||||0|22700.4
2026-10-06|21200|PE|9017|6192|3.85|-2.55|23.27||||38215|22700.4
2026-10-06|21250|CE|0|0|0|0|0||||0|22700.4
2026-10-06|21250|PE|992|685|3.95|-2.85|22.33||||4414|22700.4
2026-10-06|21300|CE|0|0|0|0|0||||0|22700.4
2026-10-06|21300|PE|9026|3726|4.3|-2.45|22.26||||36575|22700.4
2026-10-06|21350|CE|0|0|0|0|0||||0|22700.4
2026-10-06|21350|PE|9233|125|4.45|-3.4|21.71||||13715|22700.4
2026-10-06|21400|CE|7|7|1350.15|-1431.8|28.41||||7|22700.4
2026-10-06|21400|PE|25895|4949|4.85|-3.4|21.26||||57508|22700.4
2026-10-06|21450|CE|4|4|1326.1|-1406.5|34.76||||4|22700.4
2026-10-06|21450|PE|1415|1069|4.9|-3.85|20.59||||7235|22700.4
2026-10-06|21500|CE|46|19|1236.75|-110.05|22.42||||37|22700.4
2026-10-06|21500|PE|54991|15594|5.4|-4|20.16||||121573|22700.4
2026-10-06|21550|CE|6|6|1181.35|-1452.8|18.93||||6|22700.4
2026-10-06|21550|PE|2898|2190|5.65|-4.45|19.61||||11967|22700.4
2026-10-06|21600|CE|4|4|1161|-1424|27.24||||6|22700.4
2026-10-06|21600|PE|17791|8901|5.85|-4.7|19||||72533|22700.4
2026-10-06|21650|CE|4|4|1094.3|-1441.6|22.42||||6|22700.4
2026-10-06|21650|PE|2187|958|6.35|-5.4|18.5||||16016|22700.4
2026-10-06|21700|CE|5|5|1066.5|-1420.45|26.37||||8|22700.4
2026-10-06|21700|PE|26165|10992|6.7|-5.5|17.91||||76554|22700.4
2026-10-06|21750|CE|2|2|1061|-1377.05|32.11||||3|22700.4
2026-10-06|21750|PE|3072|828|7.55|-6|17.54||||21283|22700.4
2026-10-06|21800|CE|101|10|994.8|-58.85|28.8||||89|22700.4
2026-10-06|21800|PE|21846|7850|8.1|-6.45|17.04||||80794|22700.4
2026-10-06|21850|CE|0|0|0|0|0||||0|22700.4
2026-10-06|21850|PE|2491|1348|9.2|-6.8|16.67||||20073|22700.4
2026-10-06|21900|CE|10|2|873.45|-85.55|23.53||||19|22700.4
2026-10-06|21900|PE|14813|7072|10.05|-7.35|16.18||||91815|22700.4
2026-10-06|21950|CE|2|0|750|-197|0||||1|22700.4
2026-10-06|21950|PE|11188|7663|11.6|-7.65|15.87||||40485|22700.4
2026-10-06|22000|CE|2914|1239|803.9|-59.85|23.81||||6857|22700.4
2026-10-06|22000|PE|78905|24801|13.15|-8.6|15.48||||267891|22700.4
2026-10-06|22050|CE|3|2|721.75|-128.25|20.16||||6|22700.4
2026-10-06|22050|PE|5211|1130|14.9|-8.85|15.09||||43780|22700.4
2026-10-06|22100|CE|548|539|706.7|-65.35|21.79||||971|22700.4
2026-10-06|22100|PE|16030|1907|17.15|-9.2|14.68||||108423|22700.4
2026-10-06|22150|CE|10|8|631.5|-78.5|19.34||||21|22700.4
2026-10-06|22150|PE|5051|1648|19.75|-9.65|14.38||||34735|22700.4
2026-10-06|22200|CE|1125|973|616|-56.35|19.97||||2915|22700.4
2026-10-06|22200|PE|38558|10513|22.9|-9.9|14.01||||171079|22700.4
2026-10-06|22250|CE|273|268|569.35|-68.85|17.99||||761|22700.4
2026-10-06|22250|PE|9597|3707|26.9|-8.95|13.7||||51997|22700.4
2026-10-06|22300|CE|1524|1347|523.15|-60.8|18.93||||4573|22700.4
2026-10-06|22300|PE|34075|14054|31.85|-8.8|13.42||||267076|22700.4
2026-10-06|22350|CE|319|318|480.4|-330.25|18.44||||1390|22700.4
2026-10-06|22350|PE|18034|13299|36.95|-9.15|13.09||||70292|22700.4
2026-10-06|22400|CE|1729|1280|434.6|-61.95|17.7||||10322|22700.4
2026-10-06|22400|PE|30045|3475|43.95|-8.3|12.77||||252292|22700.4
2026-10-06|22450|CE|2610|294|392.85|-64|16.95||||4916|22700.4
2026-10-06|22450|PE|8110|4901|52.1|-7.9|12.54||||88207|22700.4
2026-10-06|22500|CE|10619|6383|351.6|-65.05|16.68||||79822|22700.4
2026-10-06|22500|PE|59875|21958|61.85|-6.95|12.25||||415011|22700.4
2026-10-06|22550|CE|2423|1449|312.75|-61.6|16.36||||26262|22700.4
2026-10-06|22550|PE|10509|5872|72.2|-6.15|11.9||||116634|22700.4
2026-10-06|22600|CE|29729|27869|275|-62.45|15.61||||222623|22700.4
2026-10-06|22600|PE|63375|37375|85.2|-5|11.6||||428952|22700.4
2026-10-06|22650|CE|8321|7691|241.1|-61.5|15.38||||102189|22700.4
2026-10-06|22650|PE|15311|11040|100.05|-3.7|11.3||||193370|22700.4
2026-10-06|22700|CE|51402|46105|208.8|-58.5|14.93||||348566|22700.4
2026-10-06|22700|PE|58552|37947|117.4|-0.85|10.94||||450651|22700.4
2026-10-06|22750|CE|11656|7539|179.4|-55.4|14.61||||123033|22700.4
2026-10-06|22750|PE|12189|4197|137.95|2.45|10.59||||114630|22700.4
2026-10-06|22800|CE|54969|32199|151.25|-52.25|14.26||||375246|22700.4
2026-10-06|22800|PE|43879|13870|160.3|5|10.21||||250632|22700.4
2026-10-06|22850|CE|14038|4834|127.95|-48.7|14.01||||95965|22700.4
2026-10-06|22850|PE|4532|-790|186.3|10.1|9.82||||37014|22700.4
2026-10-06|22900|CE|37951|14007|104.9|-45.25|13.79||||232953|22700.4
2026-10-06|22900|PE|17622|-2923|214.05|13.55|9.34||||83644|22700.4
2026-10-06|22950|CE|12425|5125|86.6|-41.1|13.62||||80083|22700.4
2026-10-06|22950|PE|5844|1790|245.05|18.35|8.88||||13839|22700.4
2026-10-06|23000|CE|98984|45881|70.35|-36.55|13.48||||441664|22700.4
2026-10-06|23000|PE|30050|-2207|279|22.8|7.89||||84595|22700.4
2026-10-06|23050|CE|22411|9119|56.3|-33.85|13.3||||88903|22700.4
2026-10-06|23050|PE|7509|-124|311.5|22.55|7.1||||5144|22700.4
2026-10-06|23100|CE|61930|16200|44.75|-29.7|13.22||||233275|22700.4
2026-10-06|23100|PE|19111|-4212|352.1|28.25|0||||31075|22700.4
2026-10-06|23150|CE|13588|197|35.95|-25.9|13.2||||79574|22700.4
2026-10-06|23150|PE|2306|-81|391.8|30.85|0||||2986|22700.4
2026-10-06|23200|CE|64593|22992|28.4|-23.35|13.19||||253454|22700.4
2026-10-06|23200|PE|9280|-8157|436.6|38.15|0||||29415|22700.4
2026-10-06|23250|CE|15366|5267|22.65|-20.4|13.25||||56941|22700.4
2026-10-06|23250|PE|2496|916|477.8|35.25|0||||2894|22700.4
2026-10-06|23300|CE|70421|16719|17.9|-18.3|13.31||||227561|22700.4
2026-10-06|23300|PE|18865|-3477|523.7|39.75|0||||18814|22700.4
2026-10-06|23350|CE|11352|2903|14.5|-16|13.44||||51737|22700.4
2026-10-06|23350|PE|1319|-70|571.55|44.5|0||||816|22700.4
2026-10-06|23400|CE|48123|12217|11.8|-13.55|13.62||||193652|22700.4
2026-10-06|23400|PE|10891|372|617.8|47.45|0||||11172|22700.4
2026-10-06|23450|CE|14567|5898|9.6|-11.85|13.79||||72289|22700.4
2026-10-06|23450|PE|790|28|683.65|62.85|0||||528|22700.4
2026-10-06|23500|CE|85656|31631|8.1|-10.05|14.2||||291682|22700.4
2026-10-06|23500|PE|16876|2652|714.8|50.95|0||||13342|22700.4
2026-10-06|23550|CE|10776|2118|6.8|-8.75|14.35||||66291|22700.4
2026-10-06|23550|PE|1078|666|801.3|88.95|0||||1076|22700.4
2026-10-06|23600|CE|24553|-554|5.85|-7.6|14.78||||119581|22700.4
2026-10-06|23600|PE|2835|345|808.5|50.7|0||||1541|22700.4
2026-10-06|23650|CE|11119|1303|4.75|-6.5|14.77||||33120|22700.4
2026-10-06|23650|PE|980|485|879.55|62.7|0||||802|22700.4
2026-10-06|23700|CE|28794|7107|4.35|-5.95|15.24||||102582|22700.4
2026-10-06|23700|PE|2153|289|904.5|50.75|0||||740|22700.4
2026-10-06|23750|CE|5870|-1695|3.85|-5.5|15.72||||27569|22700.4
2026-10-06|23750|PE|92|6|955|51.3|0||||50|22700.4
2026-10-06|23800|CE|31527|7832|3.4|-4.45|15.87||||118627|22700.4
2026-10-06|23800|PE|1763|143|1005.2|50.7|0||||675|22700.4
2026-10-06|23850|CE|14662|4825|2.9|-4.15|16.4||||26566|22700.4
2026-10-06|23850|PE|145|10|1061.2|61.4|0||||45|22700.4
2026-10-06|23900|CE|25448|12386|2.8|-3.75|16.66||||111501|22700.4
2026-10-06|23900|PE|1789|187|1105.5|51.6|0||||687|22700.4
2026-10-06|23950|CE|9957|3640|2.35|-3.5|16.89||||24073|22700.4
2026-10-06|23950|PE|700|116|1176.25|70.25|0||||204|22700.4
2026-10-06|24000|CE|77462|23147|2.3|-3.25|17.33||||251935|22700.4
2026-10-06|24000|PE|8023|3099|1205|56.5|0||||4272|22700.4
2026-10-06|24050|CE|6916|3272|2|-2.9|17.68||||19519|22700.4
2026-10-06|24050|PE|87|29|1280|72|0||||55|22700.4
2026-10-06|24100|CE|26198|12871|1.9|-2.6|18.13||||100388|22700.4
2026-10-06|24100|PE|1079|326|1316.3|70|0||||582|22700.4
2026-10-06|24150|CE|5152|3739|1.75|-2.25|18.5||||14525|22700.4
2026-10-06|24150|PE|34|0|0|0|0||||0|22700.4
2026-10-06|24200|CE|49494|39706|1.8|-1.95|18.98||||133836|22700.4
2026-10-06|24200|PE|1521|832|1403|61.8|0||||1157|22700.4
2026-10-06|24250|CE|7222|4057|1.55|-1.75|19.32||||21868|22700.4
2026-10-06|24250|PE|65|10|1490|120|0||||11|22700.4
2026-10-06|24300|CE|38562|10308|1.35|-1.65|19.55||||110229|22700.4
2026-10-06|24300|PE|905|244|1521|82.2|0||||320|22700.4
2026-10-06|24350|CE|968|-472|1.4|-1.45|20.16||||8496|22700.4
2026-10-06|24350|PE|15|5|1580|430|0||||9|22700.4
2026-10-06|24400|CE|36993|550|1.15|-1.25|20.33||||112053|22700.4
2026-10-06|24400|PE|951|166|1596.35|59.1|0||||223|22700.4
2026-10-06|24450|CE|860|-213|1.3|-1.25|20.94||||3930|22700.4
2026-10-06|24450|PE|13|1|1655|87|0||||5|22700.4
2026-10-06|24500|CE|100046|26726|1.3|-1.25|21.46||||212696|22700.4
2026-10-06|24500|PE|5418|3584|1705.5|70.3|0||||4268|22700.4
2026-10-06|24550|CE|1962|-7|1.05|-1.1|21.46||||6213|22700.4
2026-10-06|24550|PE|5|0|1780|119|0||||4|22700.4
2026-10-06|24600|CE|41428|-168|1|-1.2|21.73||||62734|22700.4
2026-10-06|24600|PE|301|36|1815|78.15|0||||46|22700.4
2026-10-06|24650|CE|1752|56|0.85|-1.2|22.1||||6463|22700.4
2026-10-06|24650|PE|65|5|1880|430|0||||6|22700.4
2026-10-06|24700|CE|13075|-5408|0.85|-1.2|22.46||||43671|22700.4
2026-10-06|24700|PE|35|11|1920|120|0||||21|22700.4
2026-10-06|24750|CE|819|-289|0.85|-0.95|22.95||||2190|22700.4
2026-10-06|24750|PE|3|0|0|0|0||||0|22700.4
2026-10-06|24800|CE|11900|-4406|0.85|-1.2|23.43||||20446|22700.4
2026-10-06|24800|PE|298|13|2019.15|94.75|0||||25|22700.4
2026-10-06|24850|CE|740|-39|0.8|-1.1|23.61||||1193|22700.4
2026-10-06|24850|PE|6|2|2125|480|31.73||||2|22700.4
2026-10-06|24900|CE|1914|-501|0.75|-1.2|24.21||||5205|22700.4
2026-10-06|24900|PE|2|0|0|0|0||||0|22700.4
2026-10-06|24950|CE|351|-24|0.8|-1|24.72||||482|22700.4
2026-10-06|24950|PE|1|0|0|0|0||||0|22700.4
2026-10-06|25000|CE|31794|-15136|0.9|-1|25.47||||62867|22700.4
2026-10-06|25000|PE|1458|306|2211.6|72.8|0||||427|22700.4
2026-10-06|25050|CE|257|83|0.85|-1.15|25.83||||514|22700.4
2026-10-06|25050|PE|1|0|0|0|22.02||||0|22700.4
2026-10-06|25100|CE|796|-33|0.85|-0.85|26.42||||1673|22700.4
2026-10-06|25100|PE|79|3|2310|70|0||||4|22700.4
2026-10-06|25150|CE|119|4|0.7|-1.1|26.27||||82|22700.4
2026-10-06|25150|PE|0|0|0|0|0||||0|22700.4
2026-10-06|25200|CE|4350|1412|0.75|-0.85|26.91||||11981|22700.4
2026-10-06|25200|PE|7|5|2425|115|0||||7|22700.4
2026-10-06|25250|CE|64|-10|0.8|-1.05|27.3||||120|22700.4
2026-10-06|25250|PE|2|0|0|0|0||||0|22700.4
2026-10-06|25300|CE|6060|21|0.75|-0.75|27.83||||2577|22700.4
2026-10-06|25300|PE|0|0|0|0|0||||0|22700.4
2026-10-06|25350|CE|210|59|0.8|-0.75|28.47||||372|22700.4
2026-10-06|25350|PE|0|0|0|0|0||||0|22700.4
2026-10-06|25400|CE|1154|7|0.65|-0.6|28.36||||2725|22700.4
2026-10-06|25400|PE|24|2|2715|215|52.82||||2|22700.4
2026-10-06|25450|CE|116|-7|0.8|-0.55|29.39||||163|22700.4
2026-10-06|25450|PE|0|0|0|0|0||||0|22700.4
2026-10-06|25500|CE|11502|436|0.65|-0.5|29.47||||28564|22700.4
2026-10-06|25500|PE|1013|585|2707.45|203.45|0||||626|22700.4
2026-10-06|25550|CE|241|-81|0.75|-0.5|30.12||||447|22700.4
2026-10-06|25550|PE|0|0|0|0|0||||0|22700.4
2026-10-06|25600|CE|3269|-57|0.6|-0.45|29.93||||8589|22700.4
2026-10-06|25600|PE|2|0|0|0|0||||0|22700.4
2026-10-06|25650|CE|294|-12|0.75|-0.45|31.02||||399|22700.4
2026-10-06|25650|PE|4|0|0|0|0||||0|22700.4
2026-10-06|25700|CE|545|18|0.65|-0.35|31.05||||929|22700.4
2026-10-06|25700|PE|11|0|0|0|0||||0|22700.4
2026-10-06|25750|CE|368|-48|0.7|-0.3|31.71||||459|22700.4
2026-10-06|25750|PE|2|0|0|0|0||||0|22700.4
2026-10-06|25800|CE|3545|408|0.65|-0.3|31.93||||9015|22700.4
2026-10-06|25800|PE|128|109|2980|90|0||||119|22700.4
